 0.002   0.04051301587
 0.004   0.04039111111
 0.006   0.04026920635
 0.008   0.04014730159
 0.01   0.04002539683
 0.012   0.03990349206
 0.014   0.0397815873
 0.016   0.03965968254
 0.018   0.03953777778
 0.02   0.03941587302
 0.022   0.03929396825
 0.024   0.03917206349
 0.026   0.03905015873
 0.028   0.03892825397
 0.03   0.03880634921
 0.032   0.03868444444
 0.034   0.03856253968
 0.036   0.03844063492
 0.038   0.03831873016
 0.04   0.0381968254
 0.042   0.03807492063
 0.044   0.03795301587
 0.046   0.03783111111
 0.048   0.03770920635
 0.05   0.03758730159
 0.052   0.03746539683
 0.054   0.03734349206
 0.056   0.0372215873
 0.058   0.03709968254
 0.06   0.03697777778
 0.062   0.03685587302
 0.064   0.03673396825
 0.066   0.03661206349
 0.068   0.03649015873
 0.07   0.03636825397
 0.072   0.03624634921
 0.074   0.03612444444
 0.076   0.03600253968
 0.078   0.03588063492
 0.08   0.03575873016
 0.082   0.0356368254
 0.084   0.03551492063
 0.086   0.03539301587
 0.088   0.03527111111
 0.09   0.03514920635
 0.092   0.03502730159
 0.094   0.03490539683
 0.096   0.03478349206
 0.098   0.0346615873
 0.1   0.03453968254
 0.102   0.03441777778
 0.104   0.03429587302
 0.106   0.03417396825
 0.108   0.03405206349
 0.11   0.03393015873
 0.112   0.03380825397
 0.114   0.03368634921
 0.116   0.03356444444
 0.118   0.03344253968
 0.12   0.03332063492
 0.122   0.03319873016
 0.124   0.0330768254
 0.126   0.03295492063
 0.128   0.03283301587
 0.13   0.03271111111
 0.132   0.03258920635
 0.134   0.03246730159
 0.136   0.03234539683
 0.138   0.03222349206
 0.14   0.0321015873
 0.142   0.03197968254
 0.144   0.03185777778
 0.146   0.03173587302
 0.148   0.03161396825
 0.15   0.03149206349
 0.152   0.03137015873
 0.154   0.03124825397
 0.156   0.03112634921
 0.158   0.03100444444
 0.16   0.03088253968
 0.162   0.03076063492
 0.164   0.03063873016
 0.166   0.0305168254
 0.168   0.03039492063
 0.17   0.03027301587
 0.172   0.03015111111
 0.174   0.03002920635
 0.176   0.02990730159
 0.178   0.02978539683
 0.18   0.02966349206
 0.182   0.0295415873
 0.184   0.02941968254
 0.186   0.02929777778
 0.188   0.02917587302
 0.19   0.02905396825
 0.192   0.02893206349
 0.194   0.02881015873
 0.196   0.02868825397
 0.198   0.02856634921
 0.202   0.02832253968
 0.204   0.02820063492
 0.206   0.02807873016
 0.208   0.0279568254
 0.21   0.02783492063
 0.212   0.02771301587
 0.214   0.02759111111
 0.216   0.02746920635
 0.218   0.02734730159
 0.22   0.02722539683
 0.222   0.02710349206
 0.224   0.0269815873
 0.226   0.02685968254
 0.228   0.02673777778
 0.23   0.02661587302
 0.232   0.02649396825
 0.234   0.02637206349
 0.236   0.02625015873
 0.238   0.02612825397
 0.24   0.02600634921
 0.242   0.02588444444
 0.244   0.02576253968
 0.246   0.02564063492
 0.248   0.02551873016
 0.25   0.0253968254
 0.252   0.02527492063
 0.254   0.02515301587
 0.256   0.02503111111
 0.258   0.02490920635
 0.26   0.02478730159
 0.262   0.02466539683
 0.264   0.02454349206
 0.266   0.0244215873
 0.268   0.02429968254
 0.27   0.02417777778
 0.272   0.02405587302
 0.274   0.02393396825
 0.276   0.02381206349
 0.278   0.02369015873
 0.28   0.02356825397
 0.282   0.02344634921
 0.284   0.02332444444
 0.286   0.02320253968
 0.288   0.02308063492
 0.29   0.02295873016
 0.292   0.0228368254
 0.294   0.02271492063
 0.296   0.02259301587
 0.298   0.02247111111
 0.3   0.02234920635
 0.302   0.02222730159
 0.304   0.02210539683
 0.306   0.02198349206
 0.308   0.0218615873
 0.31   0.02173968254
 0.312   0.02161777778
 0.314   0.02149587302
 0.316   0.02137396825
 0.318   0.02125206349
 0.32   0.02113015873
 0.322   0.02100825397
 0.324   0.02088634921
 0.326   0.02076444444
 0.328   0.02064253968
 0.33   0.02052063492
 0.332   0.02039873016
 0.334   0.0202768254
 0.336   0.02015492063
 0.338   0.02003301587
 0.34   0.01991111111
 0.342   0.01978920635
 0.344   0.01966730159
 0.346   0.01954539683
 0.348   0.01942349206
 0.35   0.0193015873
 0.352   0.01917968254
 0.354   0.01905777778
 0.356   0.01893587302
 0.358   0.01881396825
 0.36   0.01869206349
 0.362   0.01857015873
 0.364   0.01844825397
 0.366   0.01832634921
 0.368   0.01820444444
 0.37   0.01808253968
 0.372   0.01796063492
 0.374   0.01783873016
 0.376   0.0177168254
 0.378   0.01759492063
 0.38   0.01747301587
 0.382   0.01735111111
 0.384   0.01722920635
 0.386   0.01710730159
 0.388   0.01698539683
 0.39   0.01686349206
 0.392   0.0167415873
 0.394   0.01661968254
 0.396   0.01649777778
 0.398   0.01637587302
 0.4   0.01625396825
 0.402   0.01613206349
 0.404   0.01601015873
 0.406   0.01588825397
 0.408   0.01576634921
 0.41   0.01564444444
 0.412   0.01552253968
 0.414   0.01540063492
 0.416   0.01527873016
 0.418   0.0151568254
 0.42   0.01503492063
 0.422   0.01491301587
 0.424   0.01479111111
 0.426   0.01466920635
 0.428   0.01454730159
 0.43   0.01442539683
 0.432   0.01430349206
 0.434   0.0141815873
 0.436   0.01405968254
 0.438   0.01393777778
 0.44   0.01381587302
 0.442   0.01369396825
 0.444   0.01357206349
 0.446   0.01345015873
 0.448   0.01332825397
 0.45   0.01320634921
 0.452   0.01308444444
 0.454   0.01296253968
 0.456   0.01284063492
 0.458   0.01271873016
 0.46   0.0125968254
 0.462   0.01247492063
 0.464   0.01235301587
 0.466   0.01223111111
 0.468   0.01210920635
 0.47   0.01198730159
 0.472   0.01186539683
 0.474   0.01174349206
 0.476   0.0116215873
 0.478   0.01149968254
 0.48   0.01137777778
 0.482   0.01125587302
 0.484   0.01113396825
 0.486   0.01101206349
 0.488   0.01089015873
 0.49   0.01076825397
 0.492   0.01064634921
 0.494   0.01052444444
 0.496   0.01040253968
 0.498   0.01028063492
 0.5   0.01015873016
 0.502   0.0100368254
 0.504   0.009914920635
 0.506   0.009793015873
 0.508   0.009671111111
 0.51   0.009549206349
 0.512   0.009427301587
 0.514   0.009305396825
 0.516   0.009183492063
 0.518   0.009061587302
 0.52   0.00893968254
 0.522   0.008817777778
 0.524   0.008695873016
 0.526   0.008573968254
 0.528   0.008452063492
 0.53   0.00833015873
 0.532   0.008208253968
 0.534   0.008086349206
 0.536   0.007964444444
 0.538   0.007842539683
 0.54   0.007720634921
 0.542   0.007598730159
 0.544   0.007476825397
 0.546   0.007354920635
 0.548   0.007233015873
 0.55   0.007111111111
 0.552   0.006989206349
 0.554   0.006867301587
 0.556   0.006745396825
 0.558   0.006623492063
 0.56   0.006501587302
 0.562   0.00637968254
 0.564   0.006257777778
 0.566   0.006135873016
 0.568   0.006013968254
 0.57   0.005892063492
 0.572   0.00577015873
 0.574   0.005648253968
 0.576   0.005526349206
 0.578   0.005404444444
 0.58   0.005282539683
 0.582   0.005160634921
 0.584   0.005038730159
 0.586   0.004916825397
 0.588   0.004794920635
 0.59   0.004673015873
 0.592   0.004551111111
 0.594   0.004429206349
 0.596   0.004307301587
 0.598   0.004185396825
 0.6   0.004063492063
 0.602   0.003941587302
 0.604   0.00381968254
 0.606   0.003697777778
 0.608   0.003575873016
 0.61   0.003453968254
 0.612   0.003332063492
 0.614   0.00321015873
 0.616   0.003088253968
 0.618   0.002966349206
 0.62   0.002844444444
 0.622   0.002722539683
 0.624   0.002600634921
 0.626   0.002478730159
 0.628   0.002356825397
 0.63   0.002234920635
 0.632   0.002113015873
 0.634   0.001991111111
 0.636   0.001869206349
 0.638   0.001747301587
 0.64   0.001625396825
 0.642   0.001503492063
 0.644   0.001381587302
 0.646   0.00125968254
 0.648   0.001137777778
 0.65   0.001015873016
 0.652   0.000893968254
 0.654   0.0007720634921
 0.656   0.0006501587302
 0.658   0.0005282539683
 0.66   0.0004063492063
 0.662   0.0002844444444
 0.664   0.0001625396825
 0.666   4.063492063e-05
 0.668   8.126984127e-05
 0.67   0.0002031746032
 0.672   0.0003250793651
 0.674   0.000446984127
 0.676   0.0005688888889
 0.678   0.0006907936508
 0.68   0.0008126984127
 0.682   0.0009346031746
 0.684   0.001056507937
 0.686   0.001178412698
 0.688   0.00130031746
 0.69   0.001422222222
 0.692   0.001544126984
 0.694   0.001666031746
 0.696   0.001787936508
 0.698   0.00190984127
 0.7   0.002031746032
 0.702   0.002153650794
 0.704   0.002275555556
 0.706   0.002397460317
 0.708   0.002519365079
 0.71   0.002641269841
 0.712   0.002763174603
 0.714   0.002885079365
 0.716   0.003006984127
 0.718   0.003128888889
 0.72   0.003250793651
 0.722   0.003372698413
 0.724   0.003494603175
 0.726   0.003616507937
 0.728   0.003738412698
 0.73   0.00386031746
 0.732   0.003982222222
 0.734   0.004104126984
 0.736   0.004226031746
 0.738   0.004347936508
 0.74   0.00446984127
 0.742   0.004591746032
 0.744   0.004713650794
 0.746   0.004835555556
 0.748   0.004957460317
 0.75   0.005079365079
 0.752   0.005201269841
 0.754   0.005323174603
 0.756   0.005445079365
 0.758   0.005566984127
 0.76   0.005688888889
 0.762   0.005810793651
 0.764   0.005932698413
 0.766   0.006054603175
 0.768   0.006176507937
 0.77   0.006298412698
 0.772   0.00642031746
 0.774   0.006542222222
 0.776   0.006664126984
 0.778   0.006786031746
 0.78   0.006907936508
 0.782   0.00702984127
 0.784   0.007151746032
 0.786   0.007273650794
 0.788   0.007395555556
 0.79   0.007517460317
 0.792   0.007639365079
 0.794   0.007761269841
 0.796   0.007883174603
 0.798   0.008005079365
 0.8   0.008126984127
 0.802   0.008248888889
 0.804   0.008370793651
 0.806   0.008492698413
 0.808   0.008614603175
 0.81   0.008736507937
 0.812   0.008858412698
 0.814   0.00898031746
 0.816   0.009102222222
 0.818   0.009224126984
 0.82   0.009346031746
 0.822   0.009467936508
 0.824   0.00958984127
 0.826   0.009711746032
 0.828   0.009833650794
 0.83   0.009955555556
 0.832   0.01007746032
 0.834   0.01019936508
 0.836   0.01032126984
 0.838   0.0104431746
 0.84   0.01056507937
 0.842   0.01068698413
 0.844   0.01080888889
 0.846   0.01093079365
 0.848   0.01105269841
 0.85   0.01117460317
 0.852   0.01129650794
 0.854   0.0114184127
 0.856   0.01154031746
 0.858   0.01166222222
 0.86   0.01178412698
 0.862   0.01190603175
 0.864   0.01202793651
 0.866   0.01214984127
 0.868   0.01227174603
 0.87   0.01239365079
 0.872   0.01251555556
 0.874   0.01263746032
 0.876   0.01275936508
 0.878   0.01288126984
 0.88   0.0130031746
 0.882   0.01312507937
 0.884   0.01324698413
 0.886   0.01336888889
 0.888   0.01349079365
 0.89   0.01361269841
 0.892   0.01373460317
 0.894   0.01385650794
 0.896   0.0139784127
 0.898   0.01410031746
 0.9   0.01422222222
 0.902   0.01434412698
 0.904   0.01446603175
 0.906   0.01458793651
 0.908   0.01470984127
 0.91   0.01483174603
 0.912   0.01495365079
 0.914   0.01507555556
 0.916   0.01519746032
 0.918   0.01531936508
 0.92   0.01544126984
 0.922   0.0155631746
 0.924   0.01568507937
 0.926   0.01580698413
 0.928   0.01592888889
 0.93   0.01605079365
 0.932   0.01617269841
 0.934   0.01629460317
 0.936   0.01641650794
 0.938   0.0165384127
 0.94   0.01666031746
 0.942   0.01678222222
 0.944   0.01690412698
 0.946   0.01702603175
 0.948   0.01714793651
 0.95   0.01726984127
 0.952   0.01739174603
 0.954   0.01751365079
 0.956   0.01763555556
 0.958   0.01775746032
 0.96   0.01787936508
 0.962   0.01800126984
 0.964   0.0181231746
 0.966   0.01824507937
 0.968   0.01836698413
 0.97   0.01848888889
 0.972   0.01861079365
 0.974   0.01873269841
 0.976   0.01885460317
 0.978   0.01897650794
 0.98   0.0190984127
 0.982   0.01922031746
 0.984   0.01934222222
 0.986   0.01946412698
 0.988   0.01958603175
 0.99   0.01970793651
 0.992   0.01982984127
 0.994   0.01995174603
 0.996   0.02007365079
 0.998   0.02019555556
